1	1	1	1	1	1	1	1	1	1	1	1	1	1	1	1	1	1	1	1	1	1	1	1	1	1	1	1	1	1	1	1	1	1	1	1	1	1	1
1	1	1	1	1	1	1	1	1	1	1	1	1	1	1	1	1	1	1	1	1	1	1	1	1	1	1	1	1	1	1	1	1	1	1	1	1	1	1
1	1	1	1	1	1	1	1	1	1	1	1	1	1	1	1	1	1	1	1	1	1	1	1	1	1	1	1	1	1	1	1	1	1	1	1	1	1	1
1	1	1	1	1	1	1	2.04368897252502e-43	6.84667962952689e-130	3.00697527985462e-85	1	1	1	1	1	1	1	1	1	1	1	1	1	1	1	1	1	1	1	1	1	1	1	1	1	1	1	1	1
1	1	1	1	1	1	1.67304353499812e-15	5.25611473093534e-209	5.49869281417442e-269	1.06403317849014e-240	2.09895969518708e-63	1	1	1	1	1	1	1	1	1	1	1	1	1	1	1	1	1	1	1	1	1	1.00000000000000	3.46280880964025e-47	7.83212409268772e-18	1	1	1	1
1	1	1	1	1	1	8.38813494345868e-73	5.06343300797004e-248	6.76287504383544e-303	1.12202146278025e-280	7.21500753330577e-121	1	1	1	1	1	1	1	1	1	1	1	1	1	1	1	1	1	1	1	1	1	3.36311662628385e-130	1.14319391425384e-225	2.28217284406274e-211	4.92359870949196e-113	0.999999999988440	1	1
1	1	1	1	1	1	0.414291327449474	6.97267832383288e-169	4.18410188048649e-228	2.35628437099852e-211	5.20789191257846e-25	1	1	1	1	1	1	1	1	1	1	1	1	1	1	1	1	1	1	1	1	1	1.59247407977194e-175	3.71427466295711e-267	1.53458153771254e-255	1.93822371986639e-175	6.15749940452675e-23	1	1
1	1	1	1	1	1	1	1	1.78510222646478e-08	0.186737542272670	1	1	1	1	1	1	1	1	1	1	1	1	1	1	1	1	1	1	1	1	1	1	5.68568461617071e-117	7.24405339114661e-222	1.06843617453157e-210	1.57759112219206e-122	0.975624852150846	1	1
1	1	1	1	1	1	1	1	1	1	1	1	1	1	1	1	1	1	1	1	1	1	1	1	1	1	1	1	1	1	1	1	1.00000000000000	9.92105164908189e-60	2.50911545587305e-43	1.00000000000000	1	1	1
1	1	1	1	1	1	1	1	1	1	1	1	1	1	1	1	1	1	1	1	0.976357571066656	1	1	1	1	1	1	1	1	1	1	1	1	1	1	1	1	1	1
1	1	1	1	1	1	1	1	1	1	1	1	1	1	1	1	1	1	1	2.36625149273363e-144	6.00124165970927e-233	1.70094874478901e-211	4.22272871811940e-85	1	1	1	1	1	1	1	1	1	1	1	1	1	1	1	1
1	1	1	1	1	1	1	1	1	1	1	1	1	1	1	1	1	1	6.60658622211944e-36	1.99157816115280e-264	0	0	6.78739833041800e-247	8.82477983342417e-08	1	1	1	1	1	1	1	1	1	1	1	1	1	1	1
1	1	1	1	1	1	1	1	1	1	1	1	1	1	1	1	1	1	4.31499914694652e-41	3.17414305656708e-286	0	0	3.26651065220229e-294	1.46748860317526e-57	1	1	1	1	1	1	1	1	1	1	1	1	1	1	1
1	1	1	1	1	1	1	1	1	1	1	1	1	1	1	1	1	1	1.00000000000000	5.57898804255455e-226	0	0	2.81515749612936e-259	1.42526149295673e-13	1	1	1	1	1	1	1	1	1	1	1	1	1	1	1
1	1	1	1	1	1	1	1	1	1	1	1	1	1	1	1	1	1	1	1.88338751262105e-57	3.88197174110995e-214	6.08496527287392e-220	1.10279329635802e-113	1	1	1	1	1	1	1	1	1	1	1	1	1	1	1	1
1	1	1	1	1	1	1	1	1	1	1	1	1	1	1	1	1	1	1	1	1	1	1	1	1	1	1	1	1	1	1	1	1	1	1	1	1	1	1
1	1	1	1	1	1	1	1	1	1	1	1	1	1	1	1	1	1	1	1	1	1	1	1	1	1	1	1	1	1	1	1	1	1	1	1	1	1	1
1	1	1	1	1	1	1	1	1	1	1	1	1	1	1	1	1	1	1	1	1	1	1	1	1	1	1	1	1	1	1	1	0.446861012562259	0.981183524074289	1	1	1	1	1
1	1	1	1	1	1	1	1	1	0.989120829785344	5.89795289868314e-27	0.999999999653547	1	1	1	1	1	1	1	1	1	1	1	1	1	1	1	1	1	1	1	9.38747956332516e-134	1.33628963867503e-244	3.19654809117361e-246	6.29357504641068e-99	1	1	1	1
1	1	1	1	1	1	1	1	0.113399811695840	6.86655251068812e-205	1.64350738580535e-252	7.88384027419651e-192	1	1	1	1	1	1	1	1	1	1	1	1	1	1	1	1	1	1	0.0415184040298924	1.77048939004414e-258	0	0	7.48475725897652e-238	1	1	1	1
1	1	1	1	1	1	1	1	7.09703682940293e-110	4.25954156215013e-296	0	1.14029168297305e-291	5.17158061324584e-69	1	1	1	1	1	1	1	1	1	1	1	1	1	1	1	1	1	2.26836970106344e-19	2.01771180458937e-281	0	0	9.87295878761501e-256	0.999997829869844	1	1	1
1	1	1	1	1	1	1	1	2.97295324643668e-115	4.26328335761161e-300	0	7.81088729600000e-314	1.14735837194054e-139	1	1	1	1	1	1	1	1	1	1	1	1	1	1	1	1	1	0.999999999980966	1.24198587555413e-213	4.40125400550985e-310	5.21850272319973e-308	9.55345479725677e-172	1	1	1	1
1	1	1	1	1	1	1	1	2.95056841390765e-08	5.26911009431242e-217	1.26959909752538e-276	8.19696604350158e-247	8.35511938367431e-60	1	1	1	1	1	1	1	1	1	1	1	1	1	1	1	1	1	1	2.39262100072119e-17	2.69216940990719e-142	1.57459556023829e-132	1	1	1	1	1
1	1	1	1	1	1	1	1	1	8.84845352313390e-07	7.95629362219990e-80	1.08159062021076e-45	1	1	1	1	1	1	1	1	1	1	1	1	1	1	1	1	1	1	1	1	1	1	1	1	1	1	1
1	1	1	1	1	1	1	1	1	1	1	1	1	1	1	1	1	1	1	1	1	1	1	1	1	1	1	1	1	1	1	1	1	1	1	1	1	1	1
1	1	1	1	1	1	1	1	1	1	1	1	1	1	1	1	1	1	1	9.95300010797375e-52	1.63712828062140e-199	5.37347180527704e-176	0.999996877905250	1	1	1	1	1	1	1	1	1	1	1	1	1	1	1	1
1	1	1	1	1	1	1	1	1	1	1	1	1	1	1	1	1	1	1	6.16717466408762e-179	2.48999649718075e-299	3.94568599919611e-275	6.61292563379206e-73	1	1	1	1	1	1	1	1	1	1	1	1	1	1	1	1
1	1	1	1	1	1	1	1	1	1	1	1	1	1	1	1	1	1	1	1.09611798882463e-197	1.16692168986000e-313	2.63726370109678e-284	8.23406141090477e-78	1	1	1	1	1	1	1	1	1	1	1	1	1	1	1	1
1	1	1	1	1	1	1	1	1	1	1	1	1	1	1	1	1	1	1	5.42030590555155e-117	1.32815227961755e-244	3.18679593816657e-211	0.485223223345907	1	1	1	1	1	1	1	1	1	1	1	1	1	1	1	1
1	1	1	1	1	1	1	1	1	1	1	1	1	1	1	1	1	1	1	1	2.50678360858579e-55	1.17042953783299e-09	1	1	1	1	1	1	1	1	1	1	1	1	1	1	1	1	1
1	1	1	1	1	1	1	1	1	1	1	1	1	1	1	1	1	1	1	1	1	1	1	1	1	1	1	1	1	1	1	1	1	1	1	1	1	1	1
1	1	1	1	1	1	1	1	1	1	1	1	1	1	1	1	1	1	1	1	1	1	1	1	1	1	1	1	1	1	4.38361626295226e-87	5.91319632624969e-108	2.85181572122741e-11	1	1	1	1	1	1
1	1	1	1	1	1	1	1	1	1	1	1	1	1	1	1	1	1	1	1	1	1	1	1	1	1	1	1	1	6.75599255410330e-109	1.98099080527668e-259	1.52343996623573e-284	2.26658908823931e-217	4.80269337256316e-20	1	1	1	1	1
1	1	1	1	1	1	1	1	1	1	1	1	1	1	1	1	1	1	1	1	1	1	1	1	1	1	1	1	1	6.30236103673093e-188	0	0	5.27842115262576e-301	1.48785424831316e-138	1	1	1	1	1
1	1	1	1	1	1	1	6.52254047886273e-69	1.07342784940697e-143	2.55322428871912e-84	1	1	1	1	1	1	1	1	1	1	1	1	1	1	1	1	1	1	1	4.90385430959613e-177	0	0	8.69455168363432e-305	2.81164057871321e-147	1	1	1	1	1
1	1	1	1	1	1	2.49279407302825e-61	1.01816414208640e-238	1.68396284604207e-296	5.22473681112005e-248	2.20882747998428e-59	1	1	1	1	1	1	1	1	1	1	1	1	1	1	1	1	1	1	5.99988781659008e-54	1.66700256430900e-246	5.31004821628208e-281	1.58947204012011e-222	2.52650690814901e-39	1	1	1	1	1
1	1	1	1	1	1	1.24023548794988e-148	4.63140258021393e-304	0	3.27866997000000e-316	5.39950633568077e-147	1	1	1	1	1	1	1	1	1	1	1	1	1	1	1	1	1	1	1	6.02826316575706e-29	1.57737256671087e-80	3.80893078680369e-07	1	1	1	1	1	1
1	1	1	1	1	1	7.43735353000660e-141	2.58363246953040e-293	0	2.56291055982855e-292	4.13239901393362e-86	1	1	1	1	1	1	1	1	1	1	1	1	1	1	1	1	1	1	1	1	1	1	1	1	1	1	1	1
1	1	1	1	1	1	6.97909952525163e-25	6.71474917246477e-198	2.41158941312574e-248	1.83837564226161e-165	1	1	1	1	1	1	1	1	1	1	1	1	1	1	1	1	1	1	1	1	1	1	1	1	1	1	1	1	1
1	1	1	1	1	1	1	0.999995594361580	7.76130612669616e-09	1	1	1	1	1	1	1	1	1	1	1	1	1	1	1	1	1	1	1	1	1	1	1	1	1	1	1	1	1	1
1	1	1	1	1	1	1	1	1	1	1	1	1	1	1	1	1	1	1	3.94253836359932e-15	0.999999999999270	1	1	1	1	1	1	1	1	1	1	1	1	1	1	1	1	1	1
1	1	1	1	1	1	1	1	1	1	1	1	1	1	1	1	1	1	2.04616226237934e-151	2.50858443568605e-218	5.75134240171208e-173	0.262741137167893	1	1	1	1	1	1	1	1	1	1	1	1	1	1	1	1	1
1	1	1	1	1	1	1	1	1	1	1	1	1	1	1	1	1	1.55083791652678e-31	2.12524427775298e-254	4.12218755460000e-314	2.65048976458729e-276	1.51475971910588e-129	1	1	1	1	1	1	1	1	1	1	1	1	1	1	1	1	1
1	1	1	1	1	1	1	1	1	1	1	1	1	1	1	1	1	1.99524170727280e-91	6.65754979441783e-302	0	0	1.12757530795914e-199	1	1	1	1	1	1	1	1	1	1	1	1	1	1	1	1	1
1	1	1	1	1	1	1	1	1	1	1	1	1	1	1	1	1	4.91968656767193e-102	1.24829597463000e-313	0	0	9.66493924290691e-219	0.999995668422157	1	1	1	1	1	1	1	1	1	1	1	1	1	1	1	1